Baseline Variable Data:
Polynomial Function:
           2
0.006111 x - 1.405 x + 105.7
X Values:
[42.04751858 41.43161207 40.8269593  40.23356029 39.65141502 39.0805235
 38.52088573 37.97250171 37.43537143 36.90949491 36.39487213 35.89150311
 35.39938783 34.9185263  34.44891851 33.99056448 33.54346419 33.10761766
 32.68302487 32.26968583 31.86760054 31.476769   31.0971912  30.72886716
 30.37179686 30.02598031 29.69141751 29.36810846 29.05605316 28.75525161
 28.4657038  28.18740974 27.92036943 27.66458287 27.42005006 27.186771
 26.96474569 26.75397412 26.5544563  26.36619223 26.18918191 26.02342534
 25.86892252 25.72567345 25.59367812 25.47293654 25.36344871 25.26521463
 25.1782343  25.10250772 25.03803488 24.9848158  24.94285046 24.91213887
 24.89268103 24.88447694 24.8875266  24.90183    24.92738715 24.96419806
 25.01226271 25.07158111 25.14215326 25.22397915 25.3170588  25.42139219
 25.53697933 25.66382022 25.80191486 25.95126325 26.11186539 26.28372127
 26.4668309  26.66119429 26.86681142 27.0836823  27.31180692 27.5511853
 27.80181742 28.0637033  28.33684292 28.62123629 28.91688341 29.22378428
 29.54193889 29.87134726 30.21200937 30.56392523 30.92709484 31.3015182
 31.68719531 32.08412616 32.49231077 32.91174912 33.34244122 33.78438707
 34.23758667 34.70204002 35.17774711 35.66470796]
Y Values:
[168.00000274 167.04040678 166.08081082 165.12121486 164.1616189
 163.20202294 162.24242698 161.28283102 160.32323506 159.36363911
 158.40404315 157.44444719 156.48485123 155.52525527 154.56565931
 153.60606335 152.64646739 151.68687143 150.72727547 149.76767951
 148.80808355 147.84848759 146.88889163 145.92929567 144.96969971
 144.01010375 143.05050779 142.09091183 141.13131587 140.17171991
 139.21212395 138.25252799 137.29293203 136.33333608 135.37374012
 134.41414416 133.4545482  132.49495224 131.53535628 130.57576032
 129.61616436 128.6565684  127.69697244 126.73737648 125.77778052
 124.81818456 123.8585886  122.89899264 121.93939668 120.97980072
 120.02020476 119.0606088  118.10101284 117.14141688 116.18182092
 115.22222496 114.262629   113.30303304 112.34343709 111.38384113
 110.42424517 109.46464921 108.50505325 107.54545729 106.58586133
 105.62626537 104.66666941 103.70707345 102.74747749 101.78788153
 100.82828557  99.86868961  98.90909365  97.94949769  96.98990173
  96.03030577  95.07070981  94.11111385  93.15151789  92.19192193
  91.23232597  90.27273001  89.31313405  88.3535381   87.39394214
  86.43434618  85.47475022  84.51515426  83.5555583   82.59596234
  81.63636638  80.67677042  79.71717446  78.7575785   77.79798254
  76.83838658  75.87879062  74.91919466  73.9595987   73.00000274]
X Coordinates:
[41.00000359 36.99100199 31.99999996 28.00000172 27.00000456 25.00000025
 24.00000309 25.99999741 28.99999849 32.99999673 35.9999982 ]
Y Coordinates:
[168.00000274 158.00000274 148.00000274 138.00000274 127.99999974
 117.99999974 108.00000274  98.00000274  88.00000274  79.90000274
  73.00000274]
