Deformed Variable Data:
Polynomial Function:
           2
-0.01025 x + 2.357 x + 26.41
X Values:
[133.0158697  134.04976516 135.06478752 136.06093678 137.03821294
 137.99661601 138.93614597 139.85680284 140.75858662 141.64149729
 142.50553487 143.35069935 144.17699073 144.98440901 145.7729542
 146.54262629 147.29342528 148.02535117 148.73840397 149.43258366
 150.10789026 150.76432377 151.40188417 152.02057148 152.62038569
 153.2013268  153.76339481 154.30658973 154.83091155 155.33636027
 155.82293589 156.29063842 156.73946785 157.16942418 157.58050741
 157.97271755 158.34605458 158.70051852 159.03610937 159.35282711
 159.65067176 159.92964331 160.18974176 160.43096711 160.65331937
 160.85679853 161.04140459 161.20713755 161.35399741 161.48198418
 161.59109785 161.68133842 161.7527059  161.80520028 161.83882156
 161.85356974 161.84944482 161.82644681 161.7845757  161.72383149
 161.64421418 161.54572378 161.42836027 161.29212367 161.13701398
 160.96303118 160.77017529 160.5584463  160.32784421 160.07836903
 159.81002074 159.52279936 159.21670488 158.89173731 158.54789663
 158.18518286 157.80359599 157.40313602 156.98380296 156.5455968
 156.08851754 155.61256518 155.11773972 154.60404117 154.07146952
 153.52002477 152.94970692 152.36051598 151.75245194 151.1255148
 150.47970456 149.81502123 149.13146479 148.42903527 147.70773264
 146.96755691 146.20850809 145.43058617 144.63379115 143.81812303]
Y Values:
[167.98255274 167.02313304 166.06371335 165.10429365 164.14487395
 163.18545426 162.22603456 161.26661486 160.30719517 159.34777547
 158.38835577 157.42893608 156.46951638 155.51009668 154.55067698
 153.59125729 152.63183759 151.67241789 150.7129982  149.7535785
 148.7941588  147.83473911 146.87531941 145.91589971 144.95648001
 143.99706032 143.03764062 142.07822092 141.11880123 140.15938153
 139.19996183 138.24054214 137.28112244 136.32170274 135.36228304
 134.40286335 133.44344365 132.48402395 131.52460426 130.56518456
 129.60576486 128.64634517 127.68692547 126.72750577 125.76808608
 124.80866638 123.84924668 122.88982698 121.93040729 120.97098759
 120.01156789 119.0521482  118.0927285  117.1333088  116.17388911
 115.21446941 114.25504971 113.29563001 112.33621032 111.37679062
 110.41737092 109.45795123 108.49853153 107.53911183 106.57969214
 105.62027244 104.66085274 103.70143304 102.74201335 101.78259365
 100.82317395  99.86375426  98.90433456  97.94491486  96.98549517
  96.02607547  95.06665577  94.10723608  93.14781638  92.18839668
  91.22897698  90.26955729  89.31013759  88.35071789  87.3912982
  86.4318785   85.4724588   84.51303911  83.55361941  82.59419971
  81.63478001  80.67536032  79.71594062  78.75652092  77.79710123
  76.83768153  75.87826183  74.91884214  73.95942244  73.00000274]
X Coordinates:
[133.36812568 144.03040077 150.06004308 155.0563576  158.99999801
 161.07457692 162.07383983 160.07531402 156.0782624  151.08194787
 141.00147885]
Y Coordinates:
[167.98255274 158.00000274 148.00000274 138.00000274 127.99999974
 118.00000274 108.00000274  98.00000274  88.00000274  80.38618274
  73.00000274]
