Reflected Baseline Variable Data

Polynomial Function:
            2
-0.006111 x + 1.378 x + 73.32
X Values:
[132.32061069 132.96311667 133.59436891 134.2143674  134.82311214
 135.42060313 136.00684037 136.58182387 137.14555361 137.69802961
 138.23925186 138.76922036 139.28793511 139.79539612 140.29160337
 140.77655688 141.25025663 141.71270264 142.1638949  142.60383342
 143.03251818 143.44994919 143.85612646 144.25104998 144.63471975
 145.00713577 145.36829804 145.71820656 146.05686134 146.38426237
 146.70040964 147.00530317 147.29894295 147.58132899 147.85246127
 148.11233981 148.36096459 148.59833563 148.82445292 149.03931646
 149.24292625 149.4352823  149.61638459 149.78623314 149.94482794
 150.09216899 150.22825629 150.35308984 150.46666965 150.5689957
 150.66006801 150.73988657 150.80845138 150.86576244 150.91181975
 150.94662332 150.97017313 150.9824692  150.98351152 150.97330009
 150.95183491 150.91911599 150.87514331 150.81991689 150.75343671
 150.67570279 150.58671512 150.4864737  150.37497854 150.25222962
 150.11822696 149.97297055 149.81646039 149.64869648 149.46967882
 149.27940741 149.07788226 148.86510335 148.6410707  148.4057843
 148.15924415 147.90145025 147.63240261 147.35210121 147.06054607
 146.75773718 146.44367454 146.11835815 145.78178801 145.43396412
 145.07488649 144.70455511 144.32296997 143.93013109 143.52603847
 143.11069209 142.68409196 142.24623809 141.79713046 141.33676909]
Y Values:
[168.00000274 167.04040678 166.08081082 165.12121486 164.1616189
 163.20202294 162.24242698 161.28283102 160.32323506 159.36363911
 158.40404315 157.44444719 156.48485123 155.52525527 154.56565931
 153.60606335 152.64646739 151.68687143 150.72727547 149.76767951
 148.80808355 147.84848759 146.88889163 145.92929567 144.96969971
 144.01010375 143.05050779 142.09091183 141.13131587 140.17171991
 139.21212395 138.25252799 137.29293203 136.33333608 135.37374012
 134.41414416 133.4545482  132.49495224 131.53535628 130.57576032
 129.61616436 128.6565684  127.69697244 126.73737648 125.77778052
 124.81818456 123.8585886  122.89899264 121.93939668 120.97980072
 120.02020476 119.0606088  118.10101284 117.14141688 116.18182092
 115.22222496 114.262629   113.30303304 112.34343709 111.38384113
 110.42424517 109.46464921 108.50505325 107.54545729 106.58586133
 105.62626537 104.66666941 103.70707345 102.74747749 101.78788153
 100.82828557  99.86868961  98.90909365  97.94949769  96.98990173
  96.03030577  95.07070981  94.11111385  93.15151789  92.19192193
  91.23232597  90.27273001  89.31313405  88.3535381   87.39394214
  86.43434618  85.47475022  84.51515426  83.5555583   82.59596234
  81.63636638  80.67677042  79.71717446  78.7575785   77.79798254
  76.83838658  75.87879062  74.91919466  73.9595987   73.00000274]
X Coordinates:
[133.36812568 137.65432178 142.92251832 147.19971106 148.4769028
 150.75410162 152.03129319 150.30849338 147.5856868  143.81021611
 141.00147885]
Y Coordinates:
[168.00000274 158.00000274 148.00000274 138.00000274 127.99999974
 117.99999974 108.00000274  98.00000274  88.00000274  79.90000274
  73.00000274]
